zip	count
91902	8
91909	1
91910	21
91911	16
91913	19
91914	2
91915	5
91932	1
91935	1
91941	4
91942	9
91945	8
91950	11
91977	19
91978	2
92008	7
92009	14
92010	6
92011	5
92014	9
92019	20
92020	25
92921	18
92024	21
92025	10
92026	5
92027	29
92028	5
92029	7
92037	29
92039	1
92040	8
92054	7
92056	7
92057	6
92058	4
92061	2
92064	10
92065	4
92067	13
92069	5
92071	10
92075	4
92078	8
92081	5
92083	1
92084	8
92088	1
92091	1
92092	3
92093	1
92101	28
92102	13
92103	58
92104	25
92105	24
92106	6
92107	3
92108	14
92109	21
92110	13
92111	13
92113	21
92114	14
92115	16
92116	29
92117	13
92118	2
92119	4
92120	11
92121	3
92122	11
92123	19
92124	7
92126	17
92127	14
92128	22
92129	14
92130	21
92131	4
92139	15
92145	2
92147	1
92154	23
92161	3
92168	1
92173	7
92196	1